p cnf 350 4985
-350 -343 0
-349 -342 0
-348 -341 0
-347 -340 0
-346 -339 0
-345 -338 0
-344 -337 0
-350 -301 0
-349 -300 0
-348 -299 0
-347 -298 0
-346 -297 0
-345 -296 0
-344 -295 0
-350 -287 0
-349 -286 0
-348 -285 0
-347 -284 0
-346 -283 0
-345 -282 0
-344 -281 0
-350 -273 0
-349 -272 0
-348 -271 0
-347 -270 0
-346 -269 0
-345 -268 0
-344 -267 0
-350 -259 0
-349 -258 0
-348 -257 0
-347 -256 0
-346 -255 0
-345 -254 0
-344 -253 0
-350 -231 0
-349 -230 0
-348 -229 0
-347 -228 0
-346 -227 0
-345 -226 0
-344 -225 0
-350 -224 0
-349 -223 0
-348 -222 0
-347 -221 0
-346 -220 0
-345 -219 0
-344 -218 0
-350 -182 0
-349 -181 0
-348 -180 0
-347 -179 0
-346 -178 0
-345 -177 0
-344 -176 0
-350 -168 0
-349 -167 0
-348 -166 0
-347 -165 0
-346 -164 0
-345 -163 0
-344 -162 0
-350 -161 0
-349 -160 0
-348 -159 0
-347 -158 0
-346 -157 0
-345 -156 0
-344 -155 0
-350 -147 0
-349 -146 0
-348 -145 0
-347 -144 0
-346 -143 0
-345 -142 0
-344 -141 0
-350 -126 0
-349 -125 0
-348 -124 0
-347 -123 0
-346 -122 0
-345 -121 0
-344 -120 0
-350 -119 0
-349 -118 0
-348 -117 0
-347 -116 0
-346 -115 0
-345 -114 0
-344 -113 0
-350 -112 0
-349 -111 0
-348 -110 0
-347 -109 0
-346 -108 0
-345 -107 0
-344 -106 0
-350 -98 0
-349 -97 0
-348 -96 0
-347 -95 0
-346 -94 0
-345 -93 0
-344 -92 0
-350 -84 0
-349 -83 0
-348 -82 0
-347 -81 0
-346 -80 0
-345 -79 0
-344 -78 0
-350 -63 0
-349 -62 0
-348 -61 0
-347 -60 0
-346 -59 0
-345 -58 0
-344 -57 0
-350 -21 0
-349 -20 0
-348 -19 0
-347 -18 0
-346 -17 0
-345 -16 0
-344 -15 0
-343 -336 0
-342 -335 0
-341 -334 0
-340 -333 0
-339 -332 0
-338 -331 0
-337 -330 0
-343 -329 0
-342 -328 0
-341 -327 0
-340 -326 0
-339 -325 0
-338 -324 0
-337 -323 0
-343 -322 0
-342 -321 0
-341 -320 0
-340 -319 0
-339 -318 0
-338 -317 0
-337 -316 0
-343 -315 0
-342 -314 0
-341 -313 0
-340 -312 0
-339 -311 0
-338 -310 0
-337 -309 0
-343 -294 0
-342 -293 0
-341 -292 0
-340 -291 0
-339 -290 0
-338 -289 0
-337 -288 0
-343 -259 0
-342 -258 0
-341 -257 0
-340 -256 0
-339 -255 0
-338 -254 0
-337 -253 0
-343 -252 0
-342 -251 0
-341 -250 0
-340 -249 0
-339 -248 0
-338 -247 0
-337 -246 0
-343 -238 0
-342 -237 0
-341 -236 0
-340 -235 0
-339 -234 0
-338 -233 0
-337 -232 0
-343 -231 0
-342 -230 0
-341 -229 0
-340 -228 0
-339 -227 0
-338 -226 0
-337 -225 0
-343 -217 0
-342 -216 0
-341 -215 0
-340 -214 0
-339 -213 0
-338 -212 0
-337 -211 0
-343 -210 0
-342 -209 0
-341 -208 0
-340 -207 0
-339 -206 0
-338 -205 0
-337 -204 0
-343 -189 0
-342 -188 0
-341 -187 0
-340 -186 0
-339 -185 0
-338 -184 0
-337 -183 0
-343 -168 0
-342 -167 0
-341 -166 0
-340 -165 0
-339 -164 0
-338 -163 0
-337 -162 0
-343 -147 0
-342 -146 0
-341 -145 0
-340 -144 0
-339 -143 0
-338 -142 0
-337 -141 0
-343 -140 0
-342 -139 0
-341 -138 0
-340 -137 0
-339 -136 0
-338 -135 0
-337 -134 0
-343 -98 0
-342 -97 0
-341 -96 0
-340 -95 0
-339 -94 0
-338 -93 0
-337 -92 0
-343 -84 0
-342 -83 0
-341 -82 0
-340 -81 0
-339 -80 0
-338 -79 0
-337 -78 0
-343 -56 0
-342 -55 0
-341 -54 0
-340 -53 0
-339 -52 0
-338 -51 0
-337 -50 0
-343 -49 0
-342 -48 0
-341 -47 0
-340 -46 0
-339 -45 0
-338 -44 0
-337 -43 0
-343 -42 0
-342 -41 0
-341 -40 0
-340 -39 0
-339 -38 0
-338 -37 0
-337 -36 0
-343 -21 0
-342 -20 0
-341 -19 0
-340 -18 0
-339 -17 0
-338 -16 0
-337 -15 0
-336 -322 0
-335 -321 0
-334 -320 0
-333 -319 0
-332 -318 0
-331 -317 0
-330 -316 0
-336 -315 0
-335 -314 0
-334 -313 0
-333 -312 0
-332 -311 0
-331 -310 0
-330 -309 0
-336 -308 0
-335 -307 0
-334 -306 0
-333 -305 0
-332 -304 0
-331 -303 0
-330 -302 0
-336 -287 0
-335 -286 0
-334 -285 0
-333 -284 0
-332 -283 0
-331 -282 0
-330 -281 0
-336 -280 0
-335 -279 0
-334 -278 0
-333 -277 0
-332 -276 0
-331 -275 0
-330 -274 0
-336 -273 0
-335 -272 0
-334 -271 0
-333 -270 0
-332 -269 0
-331 -268 0
-330 -267 0
-336 -266 0
-335 -265 0
-334 -264 0
-333 -263 0
-332 -262 0
-331 -261 0
-330 -260 0
-336 -252 0
-335 -251 0
-334 -250 0
-333 -249 0
-332 -248 0
-331 -247 0
-330 -246 0
-336 -238 0
-335 -237 0
-334 -236 0
-333 -235 0
-332 -234 0
-331 -233 0
-330 -232 0
-336 -231 0
-335 -230 0
-334 -229 0
-333 -228 0
-332 -227 0
-331 -226 0
-330 -225 0
-336 -217 0
-335 -216 0
-334 -215 0
-333 -214 0
-332 -213 0
-331 -212 0
-330 -211 0
-336 -210 0
-335 -209 0
-334 -208 0
-333 -207 0
-332 -206 0
-331 -205 0
-330 -204 0
-336 -203 0
-335 -202 0
-334 -201 0
-333 -200 0
-332 -199 0
-331 -198 0
-330 -197 0
-336 -189 0
-335 -188 0
-334 -187 0
-333 -186 0
-332 -185 0
-331 -184 0
-330 -183 0
-336 -175 0
-335 -174 0
-334 -173 0
-333 -172 0
-332 -171 0
-331 -170 0
-330 -169 0
-336 -140 0
-335 -139 0
-334 -138 0
-333 -137 0
-332 -136 0
-331 -135 0
-330 -134 0
-336 -126 0
-335 -125 0
-334 -124 0
-333 -123 0
-332 -122 0
-331 -121 0
-330 -120 0
-336 -119 0
-335 -118 0
-334 -117 0
-333 -116 0
-332 -115 0
-331 -114 0
-330 -113 0
-336 -112 0
-335 -111 0
-334 -110 0
-333 -109 0
-332 -108 0
-331 -107 0
-330 -106 0
-336 -91 0
-335 -90 0
-334 -89 0
-333 -88 0
-332 -87 0
-331 -86 0
-330 -85 0
-336 -56 0
-335 -55 0
-334 -54 0
-333 -53 0
-332 -52 0
-331 -51 0
-330 -50 0
-336 -49 0
-335 -48 0
-334 -47 0
-333 -46 0
-332 -45 0
-331 -44 0
-330 -43 0
-336 -42 0
-335 -41 0
-334 -40 0
-333 -39 0
-332 -38 0
-331 -37 0
-330 -36 0
-336 -35 0
-335 -34 0
-334 -33 0
-333 -32 0
-332 -31 0
-331 -30 0
-330 -29 0
-336 -28 0
-335 -27 0
-334 -26 0
-333 -25 0
-332 -24 0
-331 -23 0
-330 -22 0
-336 -7 0
-335 -6 0
-334 -5 0
-333 -4 0
-332 -3 0
-331 -2 0
-330 -1 0
-329 -322 0
-328 -321 0
-327 -320 0
-326 -319 0
-325 -318 0
-324 -317 0
-323 -316 0
-329 -315 0
-328 -314 0
-327 -313 0
-326 -312 0
-325 -311 0
-324 -310 0
-323 -309 0
-329 -280 0
-328 -279 0
-327 -278 0
-326 -277 0
-325 -276 0
-324 -275 0
-323 -274 0
-329 -273 0
-328 -272 0
-327 -271 0
-326 -270 0
-325 -269 0
-324 -268 0
-323 -267 0
-329 -245 0
-328 -244 0
-327 -243 0
-326 -242 0
-325 -241 0
-324 -240 0
-323 -239 0
-329 -238 0
-328 -237 0
-327 -236 0
-326 -235 0
-325 -234 0
-324 -233 0
-323 -232 0
-329 -217 0
-328 -216 0
-327 -215 0
-326 -214 0
-325 -213 0
-324 -212 0
-323 -211 0
-329 -210 0
-328 -209 0
-327 -208 0
-326 -207 0
-325 -206 0
-324 -205 0
-323 -204 0
-329 -203 0
-328 -202 0
-327 -201 0
-326 -200 0
-325 -199 0
-324 -198 0
-323 -197 0
-329 -189 0
-328 -188 0
-327 -187 0
-326 -186 0
-325 -185 0
-324 -184 0
-323 -183 0
-329 -140 0
-328 -139 0
-327 -138 0
-326 -137 0
-325 -136 0
-324 -135 0
-323 -134 0
-329 -98 0
-328 -97 0
-327 -96 0
-326 -95 0
-325 -94 0
-324 -93 0
-323 -92 0
-329 -70 0
-328 -69 0
-327 -68 0
-326 -67 0
-325 -66 0
-324 -65 0
-323 -64 0
-329 -56 0
-328 -55 0
-327 -54 0
-326 -53 0
-325 -52 0
-324 -51 0
-323 -50 0
-329 -49 0
-328 -48 0
-327 -47 0
-326 -46 0
-325 -45 0
-324 -44 0
-323 -43 0
-329 -42 0
-328 -41 0
-327 -40 0
-326 -39 0
-325 -38 0
-324 -37 0
-323 -36 0
-329 -21 0
-328 -20 0
-327 -19 0
-326 -18 0
-325 -17 0
-324 -16 0
-323 -15 0
-322 -315 0
-321 -314 0
-320 -313 0
-319 -312 0
-318 -311 0
-317 -310 0
-316 -309 0
-322 -308 0
-321 -307 0
-320 -306 0
-319 -305 0
-318 -304 0
-317 -303 0
-316 -302 0
-322 -287 0
-321 -286 0
-320 -285 0
-319 -284 0
-318 -283 0
-317 -282 0
-316 -281 0
-322 -280 0
-321 -279 0
-320 -278 0
-319 -277 0
-318 -276 0
-317 -275 0
-316 -274 0
-322 -266 0
-321 -265 0
-320 -264 0
-319 -263 0
-318 -262 0
-317 -261 0
-316 -260 0
-322 -259 0
-321 -258 0
-320 -257 0
-319 -256 0
-318 -255 0
-317 -254 0
-316 -253 0
-322 -252 0
-321 -251 0
-320 -250 0
-319 -249 0
-318 -248 0
-317 -247 0
-316 -246 0
-322 -245 0
-321 -244 0
-320 -243 0
-319 -242 0
-318 -241 0
-317 -240 0
-316 -239 0
-322 -238 0
-321 -237 0
-320 -236 0
-319 -235 0
-318 -234 0
-317 -233 0
-316 -232 0
-322 -217 0
-321 -216 0
-320 -215 0
-319 -214 0
-318 -213 0
-317 -212 0
-316 -211 0
-322 -210 0
-321 -209 0
-320 -208 0
-319 -207 0
-318 -206 0
-317 -205 0
-316 -204 0
-322 -203 0
-321 -202 0
-320 -201 0
-319 -200 0
-318 -199 0
-317 -198 0
-316 -197 0
-322 -189 0
-321 -188 0
-320 -187 0
-319 -186 0
-318 -185 0
-317 -184 0
-316 -183 0
-322 -175 0
-321 -174 0
-320 -173 0
-319 -172 0
-318 -171 0
-317 -170 0
-316 -169 0
-322 -140 0
-321 -139 0
-320 -138 0
-319 -137 0
-318 -136 0
-317 -135 0
-316 -134 0
-322 -119 0
-321 -118 0
-320 -117 0
-319 -116 0
-318 -115 0
-317 -114 0
-316 -113 0
-322 -98 0
-321 -97 0
-320 -96 0
-319 -95 0
-318 -94 0
-317 -93 0
-316 -92 0
-322 -91 0
-321 -90 0
-320 -89 0
-319 -88 0
-318 -87 0
-317 -86 0
-316 -85 0
-322 -77 0
-321 -76 0
-320 -75 0
-319 -74 0
-318 -73 0
-317 -72 0
-316 -71 0
-322 -70 0
-321 -69 0
-320 -68 0
-319 -67 0
-318 -66 0
-317 -65 0
-316 -64 0
-322 -63 0
-321 -62 0
-320 -61 0
-319 -60 0
-318 -59 0
-317 -58 0
-316 -57 0
-322 -56 0
-321 -55 0
-320 -54 0
-319 -53 0
-318 -52 0
-317 -51 0
-316 -50 0
-322 -49 0
-321 -48 0
-320 -47 0
-319 -46 0
-318 -45 0
-317 -44 0
-316 -43 0
-322 -35 0
-321 -34 0
-320 -33 0
-319 -32 0
-318 -31 0
-317 -30 0
-316 -29 0
-315 -294 0
-314 -293 0
-313 -292 0
-312 -291 0
-311 -290 0
-310 -289 0
-309 -288 0
-315 -287 0
-314 -286 0
-313 -285 0
-312 -284 0
-311 -283 0
-310 -282 0
-309 -281 0
-315 -238 0
-314 -237 0
-313 -236 0
-312 -235 0
-311 -234 0
-310 -233 0
-309 -232 0
-315 -231 0
-314 -230 0
-313 -229 0
-312 -228 0
-311 -227 0
-310 -226 0
-309 -225 0
-315 -224 0
-314 -223 0
-313 -222 0
-312 -221 0
-311 -220 0
-310 -219 0
-309 -218 0
-315 -217 0
-314 -216 0
-313 -215 0
-312 -214 0
-311 -213 0
-310 -212 0
-309 -211 0
-315 -189 0
-314 -188 0
-313 -187 0
-312 -186 0
-311 -185 0
-310 -184 0
-309 -183 0
-315 -182 0
-314 -181 0
-313 -180 0
-312 -179 0
-311 -178 0
-310 -177 0
-309 -176 0
-315 -168 0
-314 -167 0
-313 -166 0
-312 -165 0
-311 -164 0
-310 -163 0
-309 -162 0
-315 -147 0
-314 -146 0
-313 -145 0
-312 -144 0
-311 -143 0
-310 -142 0
-309 -141 0
-315 -140 0
-314 -139 0
-313 -138 0
-312 -137 0
-311 -136 0
-310 -135 0
-309 -134 0
-315 -133 0
-314 -132 0
-313 -131 0
-312 -130 0
-311 -129 0
-310 -128 0
-309 -127 0
-315 -126 0
-314 -125 0
-313 -124 0
-312 -123 0
-311 -122 0
-310 -121 0
-309 -120 0
-315 -119 0
-314 -118 0
-313 -117 0
-312 -116 0
-311 -115 0
-310 -114 0
-309 -113 0
-315 -112 0
-314 -111 0
-313 -110 0
-312 -109 0
-311 -108 0
-310 -107 0
-309 -106 0
-315 -98 0
-314 -97 0
-313 -96 0
-312 -95 0
-311 -94 0
-310 -93 0
-309 -92 0
-315 -84 0
-314 -83 0
-313 -82 0
-312 -81 0
-311 -80 0
-310 -79 0
-309 -78 0
-315 -77 0
-314 -76 0
-313 -75 0
-312 -74 0
-311 -73 0
-310 -72 0
-309 -71 0
-315 -63 0
-314 -62 0
-313 -61 0
-312 -60 0
-311 -59 0
-310 -58 0
-309 -57 0
-315 -56 0
-314 -55 0
-313 -54 0
-312 -53 0
-311 -52 0
-310 -51 0
-309 -50 0
-315 -49 0
-314 -48 0
-313 -47 0
-312 -46 0
-311 -45 0
-310 -44 0
-309 -43 0
-315 -7 0
-314 -6 0
-313 -5 0
-312 -4 0
-311 -3 0
-310 -2 0
-309 -1 0
-308 -301 0
-307 -300 0
-306 -299 0
-305 -298 0
-304 -297 0
-303 -296 0
-302 -295 0
-308 -294 0
-307 -293 0
-306 -292 0
-305 -291 0
-304 -290 0
-303 -289 0
-302 -288 0
-308 -280 0
-307 -279 0
-306 -278 0
-305 -277 0
-304 -276 0
-303 -275 0
-302 -274 0
-308 -252 0
-307 -251 0
-306 -250 0
-305 -249 0
-304 -248 0
-303 -247 0
-302 -246 0
-308 -224 0
-307 -223 0
-306 -222 0
-305 -221 0
-304 -220 0
-303 -219 0
-302 -218 0
-308 -217 0
-307 -216 0
-306 -215 0
-305 -214 0
-304 -213 0
-303 -212 0
-302 -211 0
-308 -210 0
-307 -209 0
-306 -208 0
-305 -207 0
-304 -206 0
-303 -205 0
-302 -204 0
-308 -203 0
-307 -202 0
-306 -201 0
-305 -200 0
-304 -199 0
-303 -198 0
-302 -197 0
-308 -196 0
-307 -195 0
-306 -194 0
-305 -193 0
-304 -192 0
-303 -191 0
-302 -190 0
-308 -175 0
-307 -174 0
-306 -173 0
-305 -172 0
-304 -171 0
-303 -170 0
-302 -169 0
-308 -154 0
-307 -153 0
-306 -152 0
-305 -151 0
-304 -150 0
-303 -149 0
-302 -148 0
-308 -133 0
-307 -132 0
-306 -131 0
-305 -130 0
-304 -129 0
-303 -128 0
-302 -127 0
-308 -126 0
-307 -125 0
-306 -124 0
-305 -123 0
-304 -122 0
-303 -121 0
-302 -120 0
-308 -105 0
-307 -104 0
-306 -103 0
-305 -102 0
-304 -101 0
-303 -100 0
-302 -99 0
-308 -91 0
-307 -90 0
-306 -89 0
-305 -88 0
-304 -87 0
-303 -86 0
-302 -85 0
-308 -77 0
-307 -76 0
-306 -75 0
-305 -74 0
-304 -73 0
-303 -72 0
-302 -71 0
-308 -70 0
-307 -69 0
-306 -68 0
-305 -67 0
-304 -66 0
-303 -65 0
-302 -64 0
-308 -7 0
-307 -6 0
-306 -5 0
-305 -4 0
-304 -3 0
-303 -2 0
-302 -1 0
-301 -287 0
-300 -286 0
-299 -285 0
-298 -284 0
-297 -283 0
-296 -282 0
-295 -281 0
-301 -280 0
-300 -279 0
-299 -278 0
-298 -277 0
-297 -276 0
-296 -275 0
-295 -274 0
-301 -245 0
-300 -244 0
-299 -243 0
-298 -242 0
-297 -241 0
-296 -240 0
-295 -239 0
-301 -196 0
-300 -195 0
-299 -194 0
-298 -193 0
-297 -192 0
-296 -191 0
-295 -190 0
-301 -182 0
-300 -181 0
-299 -180 0
-298 -179 0
-297 -178 0
-296 -177 0
-295 -176 0
-301 -175 0
-300 -174 0
-299 -173 0
-298 -172 0
-297 -171 0
-296 -170 0
-295 -169 0
-301 -161 0
-300 -160 0
-299 -159 0
-298 -158 0
-297 -157 0
-296 -156 0
-295 -155 0
-301 -154 0
-300 -153 0
-299 -152 0
-298 -151 0
-297 -150 0
-296 -149 0
-295 -148 0
-301 -147 0
-300 -146 0
-299 -145 0
-298 -144 0
-297 -143 0
-296 -142 0
-295 -141 0
-301 -133 0
-300 -132 0
-299 -131 0
-298 -130 0
-297 -129 0
-296 -128 0
-295 -127 0
-301 -112 0
-300 -111 0
-299 -110 0
-298 -109 0
-297 -108 0
-296 -107 0
-295 -106 0
-301 -105 0
-300 -104 0
-299 -103 0
-298 -102 0
-297 -101 0
-296 -100 0
-295 -99 0
-301 -91 0
-300 -90 0
-299 -89 0
-298 -88 0
-297 -87 0
-296 -86 0
-295 -85 0
-301 -77 0
-300 -76 0
-299 -75 0
-298 -74 0
-297 -73 0
-296 -72 0
-295 -71 0
-301 -42 0
-300 -41 0
-299 -40 0
-298 -39 0
-297 -38 0
-296 -37 0
-295 -36 0
-301 -35 0
-300 -34 0
-299 -33 0
-298 -32 0
-297 -31 0
-296 -30 0
-295 -29 0
-301 -28 0
-300 -27 0
-299 -26 0
-298 -25 0
-297 -24 0
-296 -23 0
-295 -22 0
-301 -21 0
-300 -20 0
-299 -19 0
-298 -18 0
-297 -17 0
-296 -16 0
-295 -15 0
-294 -280 0
-293 -279 0
-292 -278 0
-291 -277 0
-290 -276 0
-289 -275 0
-288 -274 0
-294 -252 0
-293 -251 0
-292 -250 0
-291 -249 0
-290 -248 0
-289 -247 0
-288 -246 0
-294 -245 0
-293 -244 0
-292 -243 0
-291 -242 0
-290 -241 0
-289 -240 0
-288 -239 0
-294 -224 0
-293 -223 0
-292 -222 0
-291 -221 0
-290 -220 0
-289 -219 0
-288 -218 0
-294 -210 0
-293 -209 0
-292 -208 0
-291 -207 0
-290 -206 0
-289 -205 0
-288 -204 0
-294 -203 0
-293 -202 0
-292 -201 0
-291 -200 0
-290 -199 0
-289 -198 0
-288 -197 0
-294 -189 0
-293 -188 0
-292 -187 0
-291 -186 0
-290 -185 0
-289 -184 0
-288 -183 0
-294 -182 0
-293 -181 0
-292 -180 0
-291 -179 0
-290 -178 0
-289 -177 0
-288 -176 0
-294 -175 0
-293 -174 0
-292 -173 0
-291 -172 0
-290 -171 0
-289 -170 0
-288 -169 0
-294 -168 0
-293 -167 0
-292 -166 0
-291 -165 0
-290 -164 0
-289 -163 0
-288 -162 0
-294 -161 0
-293 -160 0
-292 -159 0
-291 -158 0
-290 -157 0
-289 -156 0
-288 -155 0
-294 -140 0
-293 -139 0
-292 -138 0
-291 -137 0
-290 -136 0
-289 -135 0
-288 -134 0
-294 -133 0
-293 -132 0
-292 -131 0
-291 -130 0
-290 -129 0
-289 -128 0
-288 -127 0
-294 -126 0
-293 -125 0
-292 -124 0
-291 -123 0
-290 -122 0
-289 -121 0
-288 -120 0
-294 -77 0
-293 -76 0
-292 -75 0
-291 -74 0
-290 -73 0
-289 -72 0
-288 -71 0
-294 -70 0
-293 -69 0
-292 -68 0
-291 -67 0
-290 -66 0
-289 -65 0
-288 -64 0
-294 -7 0
-293 -6 0
-292 -5 0
-291 -4 0
-290 -3 0
-289 -2 0
-288 -1 0
-287 -273 0
-286 -272 0
-285 -271 0
-284 -270 0
-283 -269 0
-282 -268 0
-281 -267 0
-287 -266 0
-286 -265 0
-285 -264 0
-284 -263 0
-283 -262 0
-282 -261 0
-281 -260 0
-287 -231 0
-286 -230 0
-285 -229 0
-284 -228 0
-283 -227 0
-282 -226 0
-281 -225 0
-287 -224 0
-286 -223 0
-285 -222 0
-284 -221 0
-283 -220 0
-282 -219 0
-281 -218 0
-287 -217 0
-286 -216 0
-285 -215 0
-284 -214 0
-283 -213 0
-282 -212 0
-281 -211 0
-287 -189 0
-286 -188 0
-285 -187 0
-284 -186 0
-283 -185 0
-282 -184 0
-281 -183 0
-287 -175 0
-286 -174 0
-285 -173 0
-284 -172 0
-283 -171 0
-282 -170 0
-281 -169 0
-287 -168 0
-286 -167 0
-285 -166 0
-284 -165 0
-283 -164 0
-282 -163 0
-281 -162 0
-287 -126 0
-286 -125 0
-285 -124 0
-284 -123 0
-283 -122 0
-282 -121 0
-281 -120 0
-287 -119 0
-286 -118 0
-285 -117 0
-284 -116 0
-283 -115 0
-282 -114 0
-281 -113 0
-287 -98 0
-286 -97 0
-285 -96 0
-284 -95 0
-283 -94 0
-282 -93 0
-281 -92 0
-287 -91 0
-286 -90 0
-285 -89 0
-284 -88 0
-283 -87 0
-282 -86 0
-281 -85 0
-287 -84 0
-286 -83 0
-285 -82 0
-284 -81 0
-283 -80 0
-282 -79 0
-281 -78 0
-287 -63 0
-286 -62 0
-285 -61 0
-284 -60 0
-283 -59 0
-282 -58 0
-281 -57 0
-287 -42 0
-286 -41 0
-285 -40 0
-284 -39 0
-283 -38 0
-282 -37 0
-281 -36 0
-287 -21 0
-286 -20 0
-285 -19 0
-284 -18 0
-283 -17 0
-282 -16 0
-281 -15 0
-280 -259 0
-279 -258 0
-278 -257 0
-277 -256 0
-276 -255 0
-275 -254 0
-274 -253 0
-280 -245 0
-279 -244 0
-278 -243 0
-277 -242 0
-276 -241 0
-275 -240 0
-274 -239 0
-280 -238 0
-279 -237 0
-278 -236 0
-277 -235 0
-276 -234 0
-275 -233 0
-274 -232 0
-280 -210 0
-279 -209 0
-278 -208 0
-277 -207 0
-276 -206 0
-275 -205 0
-274 -204 0
-280 -196 0
-279 -195 0
-278 -194 0
-277 -193 0
-276 -192 0
-275 -191 0
-274 -190 0
-280 -182 0
-279 -181 0
-278 -180 0
-277 -179 0
-276 -178 0
-275 -177 0
-274 -176 0
-280 -161 0
-279 -160 0
-278 -159 0
-277 -158 0
-276 -157 0
-275 -156 0
-274 -155 0
-280 -140 0
-279 -139 0
-278 -138 0
-277 -137 0
-276 -136 0
-275 -135 0
-274 -134 0
-280 -133 0
-279 -132 0
-278 -131 0
-277 -130 0
-276 -129 0
-275 -128 0
-274 -127 0
-280 -105 0
-279 -104 0
-278 -103 0
-277 -102 0
-276 -101 0
-275 -100 0
-274 -99 0
-280 -91 0
-279 -90 0
-278 -89 0
-277 -88 0
-276 -87 0
-275 -86 0
-274 -85 0
-280 -70 0
-279 -69 0
-278 -68 0
-277 -67 0
-276 -66 0
-275 -65 0
-274 -64 0
-280 -56 0
-279 -55 0
-278 -54 0
-277 -53 0
-276 -52 0
-275 -51 0
-274 -50 0
-280 -49 0
-279 -48 0
-278 -47 0
-277 -46 0
-276 -45 0
-275 -44 0
-274 -43 0
-280 -35 0
-279 -34 0
-278 -33 0
-277 -32 0
-276 -31 0
-275 -30 0
-274 -29 0
-280 -28 0
-279 -27 0
-278 -26 0
-277 -25 0
-276 -24 0
-275 -23 0
-274 -22 0
-280 -7 0
-279 -6 0
-278 -5 0
-277 -4 0
-276 -3 0
-275 -2 0
-274 -1 0
-273 -266 0
-272 -265 0
-271 -264 0
-270 -263 0
-269 -262 0
-268 -261 0
-267 -260 0
-273 -259 0
-272 -258 0
-271 -257 0
-270 -256 0
-269 -255 0
-268 -254 0
-267 -253 0
-273 -231 0
-272 -230 0
-271 -229 0
-270 -228 0
-269 -227 0
-268 -226 0
-267 -225 0
-273 -224 0
-272 -223 0
-271 -222 0
-270 -221 0
-269 -220 0
-268 -219 0
-267 -218 0
-273 -182 0
-272 -181 0
-271 -180 0
-270 -179 0
-269 -178 0
-268 -177 0
-267 -176 0
-273 -168 0
-272 -167 0
-271 -166 0
-270 -165 0
-269 -164 0
-268 -163 0
-267 -162 0
-273 -154 0
-272 -153 0
-271 -152 0
-270 -151 0
-269 -150 0
-268 -149 0
-267 -148 0
-273 -147 0
-272 -146 0
-271 -145 0
-270 -144 0
-269 -143 0
-268 -142 0
-267 -141 0
-273 -126 0
-272 -125 0
-271 -124 0
-270 -123 0
-269 -122 0
-268 -121 0
-267 -120 0
-273 -119 0
-272 -118 0
-271 -117 0
-270 -116 0
-269 -115 0
-268 -114 0
-267 -113 0
-273 -112 0
-272 -111 0
-271 -110 0
-270 -109 0
-269 -108 0
-268 -107 0
-267 -106 0
-273 -98 0
-272 -97 0
-271 -96 0
-270 -95 0
-269 -94 0
-268 -93 0
-267 -92 0
-273 -84 0
-272 -83 0
-271 -82 0
-270 -81 0
-269 -80 0
-268 -79 0
-267 -78 0
-273 -63 0
-272 -62 0
-271 -61 0
-270 -60 0
-269 -59 0
-268 -58 0
-267 -57 0
-273 -42 0
-272 -41 0
-271 -40 0
-270 -39 0
-269 -38 0
-268 -37 0
-267 -36 0
-273 -35 0
-272 -34 0
-271 -33 0
-270 -32 0
-269 -31 0
-268 -30 0
-267 -29 0
-273 -21 0
-272 -20 0
-271 -19 0
-270 -18 0
-269 -17 0
-268 -16 0
-267 -15 0
-266 -238 0
-265 -237 0
-264 -236 0
-263 -235 0
-262 -234 0
-261 -233 0
-260 -232 0
-266 -231 0
-265 -230 0
-264 -229 0
-263 -228 0
-262 -227 0
-261 -226 0
-260 -225 0
-266 -224 0
-265 -223 0
-264 -222 0
-263 -221 0
-262 -220 0
-261 -219 0
-260 -218 0
-266 -217 0
-265 -216 0
-264 -215 0
-263 -214 0
-262 -213 0
-261 -212 0
-260 -211 0
-266 -210 0
-265 -209 0
-264 -208 0
-263 -207 0
-262 -206 0
-261 -205 0
-260 -204 0
-266 -189 0
-265 -188 0
-264 -187 0
-263 -186 0
-262 -185 0
-261 -184 0
-260 -183 0
-266 -182 0
-265 -181 0
-264 -180 0
-263 -179 0
-262 -178 0
-261 -177 0
-260 -176 0
-266 -175 0
-265 -174 0
-264 -173 0
-263 -172 0
-262 -171 0
-261 -170 0
-260 -169 0
-266 -140 0
-265 -139 0
-264 -138 0
-263 -137 0
-262 -136 0
-261 -135 0
-260 -134 0
-266 -126 0
-265 -125 0
-264 -124 0
-263 -123 0
-262 -122 0
-261 -121 0
-260 -120 0
-266 -119 0
-265 -118 0
-264 -117 0
-263 -116 0
-262 -115 0
-261 -114 0
-260 -113 0
-266 -112 0
-265 -111 0
-264 -110 0
-263 -109 0
-262 -108 0
-261 -107 0
-260 -106 0
-266 -91 0
-265 -90 0
-264 -89 0
-263 -88 0
-262 -87 0
-261 -86 0
-260 -85 0
-266 -84 0
-265 -83 0
-264 -82 0
-263 -81 0
-262 -80 0
-261 -79 0
-260 -78 0
-266 -63 0
-265 -62 0
-264 -61 0
-263 -60 0
-262 -59 0
-261 -58 0
-260 -57 0
-266 -42 0
-265 -41 0
-264 -40 0
-263 -39 0
-262 -38 0
-261 -37 0
-260 -36 0
-266 -35 0
-265 -34 0
-264 -33 0
-263 -32 0
-262 -31 0
-261 -30 0
-260 -29 0
-266 -28 0
-265 -27 0
-264 -26 0
-263 -25 0
-262 -24 0
-261 -23 0
-260 -22 0
-266 -21 0
-265 -20 0
-264 -19 0
-263 -18 0
-262 -17 0
-261 -16 0
-260 -15 0
-259 -245 0
-258 -244 0
-257 -243 0
-256 -242 0
-255 -241 0
-254 -240 0
-253 -239 0
-259 -238 0
-258 -237 0
-257 -236 0
-256 -235 0
-255 -234 0
-254 -233 0
-253 -232 0
-259 -217 0
-258 -216 0
-257 -215 0
-256 -214 0
-255 -213 0
-254 -212 0
-253 -211 0
-259 -210 0
-258 -209 0
-257 -208 0
-256 -207 0
-255 -206 0
-254 -205 0
-253 -204 0
-259 -203 0
-258 -202 0
-257 -201 0
-256 -200 0
-255 -199 0
-254 -198 0
-253 -197 0
-259 -189 0
-258 -188 0
-257 -187 0
-256 -186 0
-255 -185 0
-254 -184 0
-253 -183 0
-259 -140 0
-258 -139 0
-257 -138 0
-256 -137 0
-255 -136 0
-254 -135 0
-253 -134 0
-259 -98 0
-258 -97 0
-257 -96 0
-256 -95 0
-255 -94 0
-254 -93 0
-253 -92 0
-259 -56 0
-258 -55 0
-257 -54 0
-256 -53 0
-255 -52 0
-254 -51 0
-253 -50 0
-259 -49 0
-258 -48 0
-257 -47 0
-256 -46 0
-255 -45 0
-254 -44 0
-253 -43 0
-259 -42 0
-258 -41 0
-257 -40 0
-256 -39 0
-255 -38 0
-254 -37 0
-253 -36 0
-259 -21 0
-258 -20 0
-257 -19 0
-256 -18 0
-255 -17 0
-254 -16 0
-253 -15 0
-252 -238 0
-251 -237 0
-250 -236 0
-249 -235 0
-248 -234 0
-247 -233 0
-246 -232 0
-252 -224 0
-251 -223 0
-250 -222 0
-249 -221 0
-248 -220 0
-247 -219 0
-246 -218 0
-252 -217 0
-251 -216 0
-250 -215 0
-249 -214 0
-248 -213 0
-247 -212 0
-246 -211 0
-252 -189 0
-251 -188 0
-250 -187 0
-249 -186 0
-248 -185 0
-247 -184 0
-246 -183 0
-252 -182 0
-251 -181 0
-250 -180 0
-249 -179 0
-248 -178 0
-247 -177 0
-246 -176 0
-252 -168 0
-251 -167 0
-250 -166 0
-249 -165 0
-248 -164 0
-247 -163 0
-246 -162 0
-252 -161 0
-251 -160 0
-250 -159 0
-249 -158 0
-248 -157 0
-247 -156 0
-246 -155 0
-252 -147 0
-251 -146 0
-250 -145 0
-249 -144 0
-248 -143 0
-247 -142 0
-246 -141 0
-252 -140 0
-251 -139 0
-250 -138 0
-249 -137 0
-248 -136 0
-247 -135 0
-246 -134 0
-252 -133 0
-251 -132 0
-250 -131 0
-249 -130 0
-248 -129 0
-247 -128 0
-246 -127 0
-252 -126 0
-251 -125 0
-250 -124 0
-249 -123 0
-248 -122 0
-247 -121 0
-246 -120 0
-252 -119 0
-251 -118 0
-250 -117 0
-249 -116 0
-248 -115 0
-247 -114 0
-246 -113 0
-252 -112 0
-251 -111 0
-250 -110 0
-249 -109 0
-248 -108 0
-247 -107 0
-246 -106 0
-252 -98 0
-251 -97 0
-250 -96 0
-249 -95 0
-248 -94 0
-247 -93 0
-246 -92 0
-252 -84 0
-251 -83 0
-250 -82 0
-249 -81 0
-248 -80 0
-247 -79 0
-246 -78 0
-252 -77 0
-251 -76 0
-250 -75 0
-249 -74 0
-248 -73 0
-247 -72 0
-246 -71 0
-252 -70 0
-251 -69 0
-250 -68 0
-249 -67 0
-248 -66 0
-247 -65 0
-246 -64 0
-252 -63 0
-251 -62 0
-250 -61 0
-249 -60 0
-248 -59 0
-247 -58 0
-246 -57 0
-252 -56 0
-251 -55 0
-250 -54 0
-249 -53 0
-248 -52 0
-247 -51 0
-246 -50 0
-252 -49 0
-251 -48 0
-250 -47 0
-249 -46 0
-248 -45 0
-247 -44 0
-246 -43 0
-252 -7 0
-251 -6 0
-250 -5 0
-249 -4 0
-248 -3 0
-247 -2 0
-246 -1 0
-245 -217 0
-244 -216 0
-243 -215 0
-242 -214 0
-241 -213 0
-240 -212 0
-239 -211 0
-245 -210 0
-244 -209 0
-243 -208 0
-242 -207 0
-241 -206 0
-240 -205 0
-239 -204 0
-245 -203 0
-244 -202 0
-243 -201 0
-242 -200 0
-241 -199 0
-240 -198 0
-239 -197 0
-245 -196 0
-244 -195 0
-243 -194 0
-242 -193 0
-241 -192 0
-240 -191 0
-239 -190 0
-245 -175 0
-244 -174 0
-243 -173 0
-242 -172 0
-241 -171 0
-240 -170 0
-239 -169 0
-245 -161 0
-244 -160 0
-243 -159 0
-242 -158 0
-241 -157 0
-240 -156 0
-239 -155 0
-245 -147 0
-244 -146 0
-243 -145 0
-242 -144 0
-241 -143 0
-240 -142 0
-239 -141 0
-245 -91 0
-244 -90 0
-243 -89 0
-242 -88 0
-241 -87 0
-240 -86 0
-239 -85 0
-245 -77 0
-244 -76 0
-243 -75 0
-242 -74 0
-241 -73 0
-240 -72 0
-239 -71 0
-245 -70 0
-244 -69 0
-243 -68 0
-242 -67 0
-241 -66 0
-240 -65 0
-239 -64 0
-245 -49 0
-244 -48 0
-243 -47 0
-242 -46 0
-241 -45 0
-240 -44 0
-239 -43 0
-245 -42 0
-244 -41 0
-243 -40 0
-242 -39 0
-241 -38 0
-240 -37 0
-239 -36 0
-245 -21 0
-244 -20 0
-243 -19 0
-242 -18 0
-241 -17 0
-240 -16 0
-239 -15 0
-245 -14 0
-244 -13 0
-243 -12 0
-242 -11 0
-241 -10 0
-240 -9 0
-239 -8 0
-238 -217 0
-237 -216 0
-236 -215 0
-235 -214 0
-234 -213 0
-233 -212 0
-232 -211 0
-238 -210 0
-237 -209 0
-236 -208 0
-235 -207 0
-234 -206 0
-233 -205 0
-232 -204 0
-238 -203 0
-237 -202 0
-236 -201 0
-235 -200 0
-234 -199 0
-233 -198 0
-232 -197 0
-238 -189 0
-237 -188 0
-236 -187 0
-235 -186 0
-234 -185 0
-233 -184 0
-232 -183 0
-238 -175 0
-237 -174 0
-236 -173 0
-235 -172 0
-234 -171 0
-233 -170 0
-232 -169 0
-238 -126 0
-237 -125 0
-236 -124 0
-235 -123 0
-234 -122 0
-233 -121 0
-232 -120 0
-238 -119 0
-237 -118 0
-236 -117 0
-235 -116 0
-234 -115 0
-233 -114 0
-232 -113 0
-238 -91 0
-237 -90 0
-236 -89 0
-235 -88 0
-234 -87 0
-233 -86 0
-232 -85 0
-238 -77 0
-237 -76 0
-236 -75 0
-235 -74 0
-234 -73 0
-233 -72 0
-232 -71 0
-238 -70 0
-237 -69 0
-236 -68 0
-235 -67 0
-234 -66 0
-233 -65 0
-232 -64 0
-238 -63 0
-237 -62 0
-236 -61 0
-235 -60 0
-234 -59 0
-233 -58 0
-232 -57 0
-238 -49 0
-237 -48 0
-236 -47 0
-235 -46 0
-234 -45 0
-233 -44 0
-232 -43 0
-231 -224 0
-230 -223 0
-229 -222 0
-228 -221 0
-227 -220 0
-226 -219 0
-225 -218 0
-231 -196 0
-230 -195 0
-229 -194 0
-228 -193 0
-227 -192 0
-226 -191 0
-225 -190 0
-231 -189 0
-230 -188 0
-229 -187 0
-228 -186 0
-227 -185 0
-226 -184 0
-225 -183 0
-231 -182 0
-230 -181 0
-229 -180 0
-228 -179 0
-227 -178 0
-226 -177 0
-225 -176 0
-231 -168 0
-230 -167 0
-229 -166 0
-228 -165 0
-227 -164 0
-226 -163 0
-225 -162 0
-231 -154 0
-230 -153 0
-229 -152 0
-228 -151 0
-227 -150 0
-226 -149 0
-225 -148 0
-231 -147 0
-230 -146 0
-229 -145 0
-228 -144 0
-227 -143 0
-226 -142 0
-225 -141 0
-231 -119 0
-230 -118 0
-229 -117 0
-228 -116 0
-227 -115 0
-226 -114 0
-225 -113 0
-231 -112 0
-230 -111 0
-229 -110 0
-228 -109 0
-227 -108 0
-226 -107 0
-225 -106 0
-231 -105 0
-230 -104 0
-229 -103 0
-228 -102 0
-227 -101 0
-226 -100 0
-225 -99 0
-231 -98 0
-230 -97 0
-229 -96 0
-228 -95 0
-227 -94 0
-226 -93 0
-225 -92 0
-231 -84 0
-230 -83 0
-229 -82 0
-228 -81 0
-227 -80 0
-226 -79 0
-225 -78 0
-231 -63 0
-230 -62 0
-229 -61 0
-228 -60 0
-227 -59 0
-226 -58 0
-225 -57 0
-231 -42 0
-230 -41 0
-229 -40 0
-228 -39 0
-227 -38 0
-226 -37 0
-225 -36 0
-224 -196 0
-223 -195 0
-222 -194 0
-221 -193 0
-220 -192 0
-219 -191 0
-218 -190 0
-224 -189 0
-223 -188 0
-222 -187 0
-221 -186 0
-220 -185 0
-219 -184 0
-218 -183 0
-224 -182 0
-223 -181 0
-222 -180 0
-221 -179 0
-220 -178 0
-219 -177 0
-218 -176 0
-224 -175 0
-223 -174 0
-222 -173 0
-221 -172 0
-220 -171 0
-219 -170 0
-218 -169 0
-224 -154 0
-223 -153 0
-222 -152 0
-221 -151 0
-220 -150 0
-219 -149 0
-218 -148 0
-224 -140 0
-223 -139 0
-222 -138 0
-221 -137 0
-220 -136 0
-219 -135 0
-218 -134 0
-224 -133 0
-223 -132 0
-222 -131 0
-221 -130 0
-220 -129 0
-219 -128 0
-218 -127 0
-224 -126 0
-223 -125 0
-222 -124 0
-221 -123 0
-220 -122 0
-219 -121 0
-218 -120 0
-224 -119 0
-223 -118 0
-222 -117 0
-221 -116 0
-220 -115 0
-219 -114 0
-218 -113 0
-224 -112 0
-223 -111 0
-222 -110 0
-221 -109 0
-220 -108 0
-219 -107 0
-218 -106 0
-224 -105 0
-223 -104 0
-222 -103 0
-221 -102 0
-220 -101 0
-219 -100 0
-218 -99 0
-224 -91 0
-223 -90 0
-222 -89 0
-221 -88 0
-220 -87 0
-219 -86 0
-218 -85 0
-224 -77 0
-223 -76 0
-222 -75 0
-221 -74 0
-220 -73 0
-219 -72 0
-218 -71 0
-224 -70 0
-223 -69 0
-222 -68 0
-221 -67 0
-220 -66 0
-219 -65 0
-218 -64 0
-224 -28 0
-223 -27 0
-222 -26 0
-221 -25 0
-220 -24 0
-219 -23 0
-218 -22 0
-224 -7 0
-223 -6 0
-222 -5 0
-221 -4 0
-220 -3 0
-219 -2 0
-218 -1 0
-217 -210 0
-216 -209 0
-215 -208 0
-214 -207 0
-213 -206 0
-212 -205 0
-211 -204 0
-217 -140 0
-216 -139 0
-215 -138 0
-214 -137 0
-213 -136 0
-212 -135 0
-211 -134 0
-217 -133 0
-216 -132 0
-215 -131 0
-214 -130 0
-213 -129 0
-212 -128 0
-211 -127 0
-217 -126 0
-216 -125 0
-215 -124 0
-214 -123 0
-213 -122 0
-212 -121 0
-211 -120 0
-217 -91 0
-216 -90 0
-215 -89 0
-214 -88 0
-213 -87 0
-212 -86 0
-211 -85 0
-217 -70 0
-216 -69 0
-215 -68 0
-214 -67 0
-213 -66 0
-212 -65 0
-211 -64 0
-217 -63 0
-216 -62 0
-215 -61 0
-214 -60 0
-213 -59 0
-212 -58 0
-211 -57 0
-217 -56 0
-216 -55 0
-215 -54 0
-214 -53 0
-213 -52 0
-212 -51 0
-211 -50 0
-217 -49 0
-216 -48 0
-215 -47 0
-214 -46 0
-213 -45 0
-212 -44 0
-211 -43 0
-217 -35 0
-216 -34 0
-215 -33 0
-214 -32 0
-213 -31 0
-212 -30 0
-211 -29 0
-217 -28 0
-216 -27 0
-215 -26 0
-214 -25 0
-213 -24 0
-212 -23 0
-211 -22 0
-210 -203 0
-209 -202 0
-208 -201 0
-207 -200 0
-206 -199 0
-205 -198 0
-204 -197 0
-210 -189 0
-209 -188 0
-208 -187 0
-207 -186 0
-206 -185 0
-205 -184 0
-204 -183 0
-210 -175 0
-209 -174 0
-208 -173 0
-207 -172 0
-206 -171 0
-205 -170 0
-204 -169 0
-210 -140 0
-209 -139 0
-208 -138 0
-207 -137 0
-206 -136 0
-205 -135 0
-204 -134 0
-210 -133 0
-209 -132 0
-208 -131 0
-207 -130 0
-206 -129 0
-205 -128 0
-204 -127 0
-210 -119 0
-209 -118 0
-208 -117 0
-207 -116 0
-206 -115 0
-205 -114 0
-204 -113 0
-210 -91 0
-209 -90 0
-208 -89 0
-207 -88 0
-206 -87 0
-205 -86 0
-204 -85 0
-210 -77 0
-209 -76 0
-208 -75 0
-207 -74 0
-206 -73 0
-205 -72 0
-204 -71 0
-210 -70 0
-209 -69 0
-208 -68 0
-207 -67 0
-206 -66 0
-205 -65 0
-204 -64 0
-210 -63 0
-209 -62 0
-208 -61 0
-207 -60 0
-206 -59 0
-205 -58 0
-204 -57 0
-210 -56 0
-209 -55 0
-208 -54 0
-207 -53 0
-206 -52 0
-205 -51 0
-204 -50 0
-210 -49 0
-209 -48 0
-208 -47 0
-207 -46 0
-206 -45 0
-205 -44 0
-204 -43 0
-210 -35 0
-209 -34 0
-208 -33 0
-207 -32 0
-206 -31 0
-205 -30 0
-204 -29 0
-210 -14 0
-209 -13 0
-208 -12 0
-207 -11 0
-206 -10 0
-205 -9 0
-204 -8 0
-203 -161 0
-202 -160 0
-201 -159 0
-200 -158 0
-199 -157 0
-198 -156 0
-197 -155 0
-203 -147 0
-202 -146 0
-201 -145 0
-200 -144 0
-199 -143 0
-198 -142 0
-197 -141 0
-203 -140 0
-202 -139 0
-201 -138 0
-200 -137 0
-199 -136 0
-198 -135 0
-197 -134 0
-203 -133 0
-202 -132 0
-201 -131 0
-200 -130 0
-199 -129 0
-198 -128 0
-197 -127 0
-203 -91 0
-202 -90 0
-201 -89 0
-200 -88 0
-199 -87 0
-198 -86 0
-197 -85 0
-203 -70 0
-202 -69 0
-201 -68 0
-200 -67 0
-199 -66 0
-198 -65 0
-197 -64 0
-203 -56 0
-202 -55 0
-201 -54 0
-200 -53 0
-199 -52 0
-198 -51 0
-197 -50 0
-203 -49 0
-202 -48 0
-201 -47 0
-200 -46 0
-199 -45 0
-198 -44 0
-197 -43 0
-203 -14 0
-202 -13 0
-201 -12 0
-200 -11 0
-199 -10 0
-198 -9 0
-197 -8 0
-203 -7 0
-202 -6 0
-201 -5 0
-200 -4 0
-199 -3 0
-198 -2 0
-197 -1 0
-196 -182 0
-195 -181 0
-194 -180 0
-193 -179 0
-192 -178 0
-191 -177 0
-190 -176 0
-196 -175 0
-195 -174 0
-194 -173 0
-193 -172 0
-192 -171 0
-191 -170 0
-190 -169 0
-196 -161 0
-195 -160 0
-194 -159 0
-193 -158 0
-192 -157 0
-191 -156 0
-190 -155 0
-196 -147 0
-195 -146 0
-194 -145 0
-193 -144 0
-192 -143 0
-191 -142 0
-190 -141 0
-196 -133 0
-195 -132 0
-194 -131 0
-193 -130 0
-192 -129 0
-191 -128 0
-190 -127 0
-196 -126 0
-195 -125 0
-194 -124 0
-193 -123 0
-192 -122 0
-191 -121 0
-190 -120 0
-196 -112 0
-195 -111 0
-194 -110 0
-193 -109 0
-192 -108 0
-191 -107 0
-190 -106 0
-196 -91 0
-195 -90 0
-194 -89 0
-193 -88 0
-192 -87 0
-191 -86 0
-190 -85 0
-196 -84 0
-195 -83 0
-194 -82 0
-193 -81 0
-192 -80 0
-191 -79 0
-190 -78 0
-196 -77 0
-195 -76 0
-194 -75 0
-193 -74 0
-192 -73 0
-191 -72 0
-190 -71 0
-196 -70 0
-195 -69 0
-194 -68 0
-193 -67 0
-192 -66 0
-191 -65 0
-190 -64 0
-196 -42 0
-195 -41 0
-194 -40 0
-193 -39 0
-192 -38 0
-191 -37 0
-190 -36 0
-196 -35 0
-195 -34 0
-194 -33 0
-193 -32 0
-192 -31 0
-191 -30 0
-190 -29 0
-196 -28 0
-195 -27 0
-194 -26 0
-193 -25 0
-192 -24 0
-191 -23 0
-190 -22 0
-196 -14 0
-195 -13 0
-194 -12 0
-193 -11 0
-192 -10 0
-191 -9 0
-190 -8 0
-196 -7 0
-195 -6 0
-194 -5 0
-193 -4 0
-192 -3 0
-191 -2 0
-190 -1 0
-189 -182 0
-188 -181 0
-187 -180 0
-186 -179 0
-185 -178 0
-184 -177 0
-183 -176 0
-189 -168 0
-188 -167 0
-187 -166 0
-186 -165 0
-185 -164 0
-184 -163 0
-183 -162 0
-189 -147 0
-188 -146 0
-187 -145 0
-186 -144 0
-185 -143 0
-184 -142 0
-183 -141 0
-189 -140 0
-188 -139 0
-187 -138 0
-186 -137 0
-185 -136 0
-184 -135 0
-183 -134 0
-189 -133 0
-188 -132 0
-187 -131 0
-186 -130 0
-185 -129 0
-184 -128 0
-183 -127 0
-189 -126 0
-188 -125 0
-187 -124 0
-186 -123 0
-185 -122 0
-184 -121 0
-183 -120 0
-189 -112 0
-188 -111 0
-187 -110 0
-186 -109 0
-185 -108 0
-184 -107 0
-183 -106 0
-189 -98 0
-188 -97 0
-187 -96 0
-186 -95 0
-185 -94 0
-184 -93 0
-183 -92 0
-189 -84 0
-188 -83 0
-187 -82 0
-186 -81 0
-185 -80 0
-184 -79 0
-183 -78 0
-189 -63 0
-188 -62 0
-187 -61 0
-186 -60 0
-185 -59 0
-184 -58 0
-183 -57 0
-189 -56 0
-188 -55 0
-187 -54 0
-186 -53 0
-185 -52 0
-184 -51 0
-183 -50 0
-189 -49 0
-188 -48 0
-187 -47 0
-186 -46 0
-185 -45 0
-184 -44 0
-183 -43 0
-189 -7 0
-188 -6 0
-187 -5 0
-186 -4 0
-185 -3 0
-184 -2 0
-183 -1 0
-182 -175 0
-181 -174 0
-180 -173 0
-179 -172 0
-178 -171 0
-177 -170 0
-176 -169 0
-182 -168 0
-181 -167 0
-180 -166 0
-179 -165 0
-178 -164 0
-177 -163 0
-176 -162 0
-182 -161 0
-181 -160 0
-180 -159 0
-179 -158 0
-178 -157 0
-177 -156 0
-176 -155 0
-182 -154 0
-181 -153 0
-180 -152 0
-179 -151 0
-178 -150 0
-177 -149 0
-176 -148 0
-182 -133 0
-181 -132 0
-180 -131 0
-179 -130 0
-178 -129 0
-177 -128 0
-176 -127 0
-182 -126 0
-181 -125 0
-180 -124 0
-179 -123 0
-178 -122 0
-177 -121 0
-176 -120 0
-182 -119 0
-181 -118 0
-180 -117 0
-179 -116 0
-178 -115 0
-177 -114 0
-176 -113 0
-182 -105 0
-181 -104 0
-180 -103 0
-179 -102 0
-178 -101 0
-177 -100 0
-176 -99 0
-182 -91 0
-181 -90 0
-180 -89 0
-179 -88 0
-178 -87 0
-177 -86 0
-176 -85 0
-182 -84 0
-181 -83 0
-180 -82 0
-179 -81 0
-178 -80 0
-177 -79 0
-176 -78 0
-182 -77 0
-181 -76 0
-180 -75 0
-179 -74 0
-178 -73 0
-177 -72 0
-176 -71 0
-182 -70 0
-181 -69 0
-180 -68 0
-179 -67 0
-178 -66 0
-177 -65 0
-176 -64 0
-182 -63 0
-181 -62 0
-180 -61 0
-179 -60 0
-178 -59 0
-177 -58 0
-176 -57 0
-182 -14 0
-181 -13 0
-180 -12 0
-179 -11 0
-178 -10 0
-177 -9 0
-176 -8 0
-182 -7 0
-181 -6 0
-180 -5 0
-179 -4 0
-178 -3 0
-177 -2 0
-176 -1 0
-175 -154 0
-174 -153 0
-173 -152 0
-172 -151 0
-171 -150 0
-170 -149 0
-169 -148 0
-175 -140 0
-174 -139 0
-173 -138 0
-172 -137 0
-171 -136 0
-170 -135 0
-169 -134 0
-175 -133 0
-174 -132 0
-173 -131 0
-172 -130 0
-171 -129 0
-170 -128 0
-169 -127 0
-175 -105 0
-174 -104 0
-173 -103 0
-172 -102 0
-171 -101 0
-170 -100 0
-169 -99 0
-175 -91 0
-174 -90 0
-173 -89 0
-172 -88 0
-171 -87 0
-170 -86 0
-169 -85 0
-175 -70 0
-174 -69 0
-173 -68 0
-172 -67 0
-171 -66 0
-170 -65 0
-169 -64 0
-175 -63 0
-174 -62 0
-173 -61 0
-172 -60 0
-171 -59 0
-170 -58 0
-169 -57 0
-175 -56 0
-174 -55 0
-173 -54 0
-172 -53 0
-171 -52 0
-170 -51 0
-169 -50 0
-175 -49 0
-174 -48 0
-173 -47 0
-172 -46 0
-171 -45 0
-170 -44 0
-169 -43 0
-175 -35 0
-174 -34 0
-173 -33 0
-172 -32 0
-171 -31 0
-170 -30 0
-169 -29 0
-175 -28 0
-174 -27 0
-173 -26 0
-172 -25 0
-171 -24 0
-170 -23 0
-169 -22 0
-175 -7 0
-174 -6 0
-173 -5 0
-172 -4 0
-171 -3 0
-170 -2 0
-169 -1 0
-168 -161 0
-167 -160 0
-166 -159 0
-165 -158 0
-164 -157 0
-163 -156 0
-162 -155 0
-168 -154 0
-167 -153 0
-166 -152 0
-165 -151 0
-164 -150 0
-163 -149 0
-162 -148 0
-168 -147 0
-167 -146 0
-166 -145 0
-165 -144 0
-164 -143 0
-163 -142 0
-162 -141 0
-168 -140 0
-167 -139 0
-166 -138 0
-165 -137 0
-164 -136 0
-163 -135 0
-162 -134 0
-168 -112 0
-167 -111 0
-166 -110 0
-165 -109 0
-164 -108 0
-163 -107 0
-162 -106 0
-168 -98 0
-167 -97 0
-166 -96 0
-165 -95 0
-164 -94 0
-163 -93 0
-162 -92 0
-168 -56 0
-167 -55 0
-166 -54 0
-165 -53 0
-164 -52 0
-163 -51 0
-162 -50 0
-168 -49 0
-167 -48 0
-166 -47 0
-165 -46 0
-164 -45 0
-163 -44 0
-162 -43 0
-168 -21 0
-167 -20 0
-166 -19 0
-165 -18 0
-164 -17 0
-163 -16 0
-162 -15 0
-161 -154 0
-160 -153 0
-159 -152 0
-158 -151 0
-157 -150 0
-156 -149 0
-155 -148 0
-161 -147 0
-160 -146 0
-159 -145 0
-158 -144 0
-157 -143 0
-156 -142 0
-155 -141 0
-161 -105 0
-160 -104 0
-159 -103 0
-158 -102 0
-157 -101 0
-156 -100 0
-155 -99 0
-161 -98 0
-160 -97 0
-159 -96 0
-158 -95 0
-157 -94 0
-156 -93 0
-155 -92 0
-161 -84 0
-160 -83 0
-159 -82 0
-158 -81 0
-157 -80 0
-156 -79 0
-155 -78 0
-161 -77 0
-160 -76 0
-159 -75 0
-158 -74 0
-157 -73 0
-156 -72 0
-155 -71 0
-161 -70 0
-160 -69 0
-159 -68 0
-158 -67 0
-157 -66 0
-156 -65 0
-155 -64 0
-161 -14 0
-160 -13 0
-159 -12 0
-158 -11 0
-157 -10 0
-156 -9 0
-155 -8 0
-161 -7 0
-160 -6 0
-159 -5 0
-158 -4 0
-157 -3 0
-156 -2 0
-155 -1 0
-154 -147 0
-153 -146 0
-152 -145 0
-151 -144 0
-150 -143 0
-149 -142 0
-148 -141 0
-154 -133 0
-153 -132 0
-152 -131 0
-151 -130 0
-150 -129 0
-149 -128 0
-148 -127 0
-154 -126 0
-153 -125 0
-152 -124 0
-151 -123 0
-150 -122 0
-149 -121 0
-148 -120 0
-154 -119 0
-153 -118 0
-152 -117 0
-151 -116 0
-150 -115 0
-149 -114 0
-148 -113 0
-154 -112 0
-153 -111 0
-152 -110 0
-151 -109 0
-150 -108 0
-149 -107 0
-148 -106 0
-154 -91 0
-153 -90 0
-152 -89 0
-151 -88 0
-150 -87 0
-149 -86 0
-148 -85 0
-154 -84 0
-153 -83 0
-152 -82 0
-151 -81 0
-150 -80 0
-149 -79 0
-148 -78 0
-154 -77 0
-153 -76 0
-152 -75 0
-151 -74 0
-150 -73 0
-149 -72 0
-148 -71 0
-154 -63 0
-153 -62 0
-152 -61 0
-151 -60 0
-150 -59 0
-149 -58 0
-148 -57 0
-154 -35 0
-153 -34 0
-152 -33 0
-151 -32 0
-150 -31 0
-149 -30 0
-148 -29 0
-154 -28 0
-153 -27 0
-152 -26 0
-151 -25 0
-150 -24 0
-149 -23 0
-148 -22 0
-154 -14 0
-153 -13 0
-152 -12 0
-151 -11 0
-150 -10 0
-149 -9 0
-148 -8 0
-154 -7 0
-153 -6 0
-152 -5 0
-151 -4 0
-150 -3 0
-149 -2 0
-148 -1 0
-147 -84 0
-146 -83 0
-145 -82 0
-144 -81 0
-143 -80 0
-142 -79 0
-141 -78 0
-147 -70 0
-146 -69 0
-145 -68 0
-144 -67 0
-143 -66 0
-142 -65 0
-141 -64 0
-147 -14 0
-146 -13 0
-145 -12 0
-144 -11 0
-143 -10 0
-142 -9 0
-141 -8 0
-147 -7 0
-146 -6 0
-145 -5 0
-144 -4 0
-143 -3 0
-142 -2 0
-141 -1 0
-140 -126 0
-139 -125 0
-138 -124 0
-137 -123 0
-136 -122 0
-135 -121 0
-134 -120 0
-140 -119 0
-139 -118 0
-138 -117 0
-137 -116 0
-136 -115 0
-135 -114 0
-134 -113 0
-140 -98 0
-139 -97 0
-138 -96 0
-137 -95 0
-136 -94 0
-135 -93 0
-134 -92 0
-140 -91 0
-139 -90 0
-138 -89 0
-137 -88 0
-136 -87 0
-135 -86 0
-134 -85 0
-140 -63 0
-139 -62 0
-138 -61 0
-137 -60 0
-136 -59 0
-135 -58 0
-134 -57 0
-140 -49 0
-139 -48 0
-138 -47 0
-137 -46 0
-136 -45 0
-135 -44 0
-134 -43 0
-140 -7 0
-139 -6 0
-138 -5 0
-137 -4 0
-136 -3 0
-135 -2 0
-134 -1 0
-133 -126 0
-132 -125 0
-131 -124 0
-130 -123 0
-129 -122 0
-128 -121 0
-127 -120 0
-133 -112 0
-132 -111 0
-131 -110 0
-130 -109 0
-129 -108 0
-128 -107 0
-127 -106 0
-133 -105 0
-132 -104 0
-131 -103 0
-130 -102 0
-129 -101 0
-128 -100 0
-127 -99 0
-133 -91 0
-132 -90 0
-131 -89 0
-130 -88 0
-129 -87 0
-128 -86 0
-127 -85 0
-133 -84 0
-132 -83 0
-131 -82 0
-130 -81 0
-129 -80 0
-128 -79 0
-127 -78 0
-133 -77 0
-132 -76 0
-131 -75 0
-130 -74 0
-129 -73 0
-128 -72 0
-127 -71 0
-133 -35 0
-132 -34 0
-131 -33 0
-130 -32 0
-129 -31 0
-128 -30 0
-127 -29 0
-133 -28 0
-132 -27 0
-131 -26 0
-130 -25 0
-129 -24 0
-128 -23 0
-127 -22 0
-126 -119 0
-125 -118 0
-124 -117 0
-123 -116 0
-122 -115 0
-121 -114 0
-120 -113 0
-126 -112 0
-125 -111 0
-124 -110 0
-123 -109 0
-122 -108 0
-121 -107 0
-120 -106 0
-126 -105 0
-125 -104 0
-124 -103 0
-123 -102 0
-122 -101 0
-121 -100 0
-120 -99 0
-126 -84 0
-125 -83 0
-124 -82 0
-123 -81 0
-122 -80 0
-121 -79 0
-120 -78 0
-126 -77 0
-125 -76 0
-124 -75 0
-123 -74 0
-122 -73 0
-121 -72 0
-120 -71 0
-126 -70 0
-125 -69 0
-124 -68 0
-123 -67 0
-122 -66 0
-121 -65 0
-120 -64 0
-126 -63 0
-125 -62 0
-124 -61 0
-123 -60 0
-122 -59 0
-121 -58 0
-120 -57 0
-126 -49 0
-125 -48 0
-124 -47 0
-123 -46 0
-122 -45 0
-121 -44 0
-120 -43 0
-126 -7 0
-125 -6 0
-124 -5 0
-123 -4 0
-122 -3 0
-121 -2 0
-120 -1 0
-119 -112 0
-118 -111 0
-117 -110 0
-116 -109 0
-115 -108 0
-114 -107 0
-113 -106 0
-119 -84 0
-118 -83 0
-117 -82 0
-116 -81 0
-115 -80 0
-114 -79 0
-113 -78 0
-119 -63 0
-118 -62 0
-117 -61 0
-116 -60 0
-115 -59 0
-114 -58 0
-113 -57 0
-119 -56 0
-118 -55 0
-117 -54 0
-116 -53 0
-115 -52 0
-114 -51 0
-113 -50 0
-119 -49 0
-118 -48 0
-117 -47 0
-116 -46 0
-115 -45 0
-114 -44 0
-113 -43 0
-119 -42 0
-118 -41 0
-117 -40 0
-116 -39 0
-115 -38 0
-114 -37 0
-113 -36 0
-119 -35 0
-118 -34 0
-117 -33 0
-116 -32 0
-115 -31 0
-114 -30 0
-113 -29 0
-119 -7 0
-118 -6 0
-117 -5 0
-116 -4 0
-115 -3 0
-114 -2 0
-113 -1 0
-112 -105 0
-111 -104 0
-110 -103 0
-109 -102 0
-108 -101 0
-107 -100 0
-106 -99 0
-112 -98 0
-111 -97 0
-110 -96 0
-109 -95 0
-108 -94 0
-107 -93 0
-106 -92 0
-112 -84 0
-111 -83 0
-110 -82 0
-109 -81 0
-108 -80 0
-107 -79 0
-106 -78 0
-112 -63 0
-111 -62 0
-110 -61 0
-109 -60 0
-108 -59 0
-107 -58 0
-106 -57 0
-112 -21 0
-111 -20 0
-110 -19 0
-109 -18 0
-108 -17 0
-107 -16 0
-106 -15 0
-112 -7 0
-111 -6 0
-110 -5 0
-109 -4 0
-108 -3 0
-107 -2 0
-106 -1 0
-105 -91 0
-104 -90 0
-103 -89 0
-102 -88 0
-101 -87 0
-100 -86 0
-99 -85 0
-105 -84 0
-104 -83 0
-103 -82 0
-102 -81 0
-101 -80 0
-100 -79 0
-99 -78 0
-105 -77 0
-104 -76 0
-103 -75 0
-102 -74 0
-101 -73 0
-100 -72 0
-99 -71 0
-105 -70 0
-104 -69 0
-103 -68 0
-102 -67 0
-101 -66 0
-100 -65 0
-99 -64 0
-105 -42 0
-104 -41 0
-103 -40 0
-102 -39 0
-101 -38 0
-100 -37 0
-99 -36 0
-105 -35 0
-104 -34 0
-103 -33 0
-102 -32 0
-101 -31 0
-100 -30 0
-99 -29 0
-105 -28 0
-104 -27 0
-103 -26 0
-102 -25 0
-101 -24 0
-100 -23 0
-99 -22 0
-105 -14 0
-104 -13 0
-103 -12 0
-102 -11 0
-101 -10 0
-100 -9 0
-99 -8 0
-105 -7 0
-104 -6 0
-103 -5 0
-102 -4 0
-101 -3 0
-100 -2 0
-99 -1 0
-98 -84 0
-97 -83 0
-96 -82 0
-95 -81 0
-94 -80 0
-93 -79 0
-92 -78 0
-98 -56 0
-97 -55 0
-96 -54 0
-95 -53 0
-94 -52 0
-93 -51 0
-92 -50 0
-98 -49 0
-97 -48 0
-96 -47 0
-95 -46 0
-94 -45 0
-93 -44 0
-92 -43 0
-98 -42 0
-97 -41 0
-96 -40 0
-95 -39 0
-94 -38 0
-93 -37 0
-92 -36 0
-98 -21 0
-97 -20 0
-96 -19 0
-95 -18 0
-94 -17 0
-93 -16 0
-92 -15 0
-91 -77 0
-90 -76 0
-89 -75 0
-88 -74 0
-87 -73 0
-86 -72 0
-85 -71 0
-91 -70 0
-90 -69 0
-89 -68 0
-88 -67 0
-87 -66 0
-86 -65 0
-85 -64 0
-91 -63 0
-90 -62 0
-89 -61 0
-88 -60 0
-87 -59 0
-86 -58 0
-85 -57 0
-91 -56 0
-90 -55 0
-89 -54 0
-88 -53 0
-87 -52 0
-86 -51 0
-85 -50 0
-91 -42 0
-90 -41 0
-89 -40 0
-88 -39 0
-87 -38 0
-86 -37 0
-85 -36 0
-91 -35 0
-90 -34 0
-89 -33 0
-88 -32 0
-87 -31 0
-86 -30 0
-85 -29 0
-91 -28 0
-90 -27 0
-89 -26 0
-88 -25 0
-87 -24 0
-86 -23 0
-85 -22 0
-91 -7 0
-90 -6 0
-89 -5 0
-88 -4 0
-87 -3 0
-86 -2 0
-85 -1 0
-84 -21 0
-83 -20 0
-82 -19 0
-81 -18 0
-80 -17 0
-79 -16 0
-78 -15 0
-84 -7 0
-83 -6 0
-82 -5 0
-81 -4 0
-80 -3 0
-79 -2 0
-78 -1 0
-77 -70 0
-76 -69 0
-75 -68 0
-74 -67 0
-73 -66 0
-72 -65 0
-71 -64 0
-77 -35 0
-76 -34 0
-75 -33 0
-74 -32 0
-73 -31 0
-72 -30 0
-71 -29 0
-77 -28 0
-76 -27 0
-75 -26 0
-74 -25 0
-73 -24 0
-72 -23 0
-71 -22 0
-77 -7 0
-76 -6 0
-75 -5 0
-74 -4 0
-73 -3 0
-72 -2 0
-71 -1 0
-70 -56 0
-69 -55 0
-68 -54 0
-67 -53 0
-66 -52 0
-65 -51 0
-64 -50 0
-70 -35 0
-69 -34 0
-68 -33 0
-67 -32 0
-66 -31 0
-65 -30 0
-64 -29 0
-70 -28 0
-69 -27 0
-68 -26 0
-67 -25 0
-66 -24 0
-65 -23 0
-64 -22 0
-70 -14 0
-69 -13 0
-68 -12 0
-67 -11 0
-66 -10 0
-65 -9 0
-64 -8 0
-63 -56 0
-62 -55 0
-61 -54 0
-60 -53 0
-59 -52 0
-58 -51 0
-57 -50 0
-63 -49 0
-62 -48 0
-61 -47 0
-60 -46 0
-59 -45 0
-58 -44 0
-57 -43 0
-63 -42 0
-62 -41 0
-61 -40 0
-60 -39 0
-59 -38 0
-58 -37 0
-57 -36 0
-63 -35 0
-62 -34 0
-61 -33 0
-60 -32 0
-59 -31 0
-58 -30 0
-57 -29 0
-63 -21 0
-62 -20 0
-61 -19 0
-60 -18 0
-59 -17 0
-58 -16 0
-57 -15 0
-63 -7 0
-62 -6 0
-61 -5 0
-60 -4 0
-59 -3 0
-58 -2 0
-57 -1 0
-56 -49 0
-55 -48 0
-54 -47 0
-53 -46 0
-52 -45 0
-51 -44 0
-50 -43 0
-56 -42 0
-55 -41 0
-54 -40 0
-53 -39 0
-52 -38 0
-51 -37 0
-50 -36 0
-56 -21 0
-55 -20 0
-54 -19 0
-53 -18 0
-52 -17 0
-51 -16 0
-50 -15 0
-56 -14 0
-55 -13 0
-54 -12 0
-53 -11 0
-52 -10 0
-51 -9 0
-50 -8 0
-49 -21 0
-48 -20 0
-47 -19 0
-46 -18 0
-45 -17 0
-44 -16 0
-43 -15 0
-42 -35 0
-41 -34 0
-40 -33 0
-39 -32 0
-38 -31 0
-37 -30 0
-36 -29 0
-42 -28 0
-41 -27 0
-40 -26 0
-39 -25 0
-38 -24 0
-37 -23 0
-36 -22 0
-42 -21 0
-41 -20 0
-40 -19 0
-39 -18 0
-38 -17 0
-37 -16 0
-36 -15 0
-42 -14 0
-41 -13 0
-40 -12 0
-39 -11 0
-38 -10 0
-37 -9 0
-36 -8 0
-35 -21 0
-34 -20 0
-33 -19 0
-32 -18 0
-31 -17 0
-30 -16 0
-29 -15 0
-35 -14 0
-34 -13 0
-33 -12 0
-32 -11 0
-31 -10 0
-30 -9 0
-29 -8 0
-28 -21 0
-27 -20 0
-26 -19 0
-25 -18 0
-24 -17 0
-23 -16 0
-22 -15 0
-28 -14 0
-27 -13 0
-26 -12 0
-25 -11 0
-24 -10 0
-23 -9 0
-22 -8 0
-21 -14 0
-20 -13 0
-19 -12 0
-18 -11 0
-17 -10 0
-16 -9 0
-15 -8 0
350 349 348 347 346 345 344 0
-349 -350 0
-348 -350 0
-348 -349 0
-347 -350 0
-347 -349 0
-347 -348 0
-346 -350 0
-346 -349 0
-346 -348 0
-346 -347 0
-345 -350 0
-345 -349 0
-345 -348 0
-345 -347 0
-345 -346 0
-344 -350 0
-344 -349 0
-344 -348 0
-344 -347 0
-344 -346 0
-344 -345 0
343 342 341 340 339 338 337 0
-342 -343 0
-341 -343 0
-341 -342 0
-340 -343 0
-340 -342 0
-340 -341 0
-339 -343 0
-339 -342 0
-339 -341 0
-339 -340 0
-338 -343 0
-338 -342 0
-338 -341 0
-338 -340 0
-338 -339 0
-337 -343 0
-337 -342 0
-337 -341 0
-337 -340 0
-337 -339 0
-337 -338 0
336 335 334 333 332 331 330 0
-335 -336 0
-334 -336 0
-334 -335 0
-333 -336 0
-333 -335 0
-333 -334 0
-332 -336 0
-332 -335 0
-332 -334 0
-332 -333 0
-331 -336 0
-331 -335 0
-331 -334 0
-331 -333 0
-331 -332 0
-330 -336 0
-330 -335 0
-330 -334 0
-330 -333 0
-330 -332 0
-330 -331 0
329 328 327 326 325 324 323 0
-328 -329 0
-327 -329 0
-327 -328 0
-326 -329 0
-326 -328 0
-326 -327 0
-325 -329 0
-325 -328 0
-325 -327 0
-325 -326 0
-324 -329 0
-324 -328 0
-324 -327 0
-324 -326 0
-324 -325 0
-323 -329 0
-323 -328 0
-323 -327 0
-323 -326 0
-323 -325 0
-323 -324 0
322 321 320 319 318 317 316 0
-321 -322 0
-320 -322 0
-320 -321 0
-319 -322 0
-319 -321 0
-319 -320 0
-318 -322 0
-318 -321 0
-318 -320 0
-318 -319 0
-317 -322 0
-317 -321 0
-317 -320 0
-317 -319 0
-317 -318 0
-316 -322 0
-316 -321 0
-316 -320 0
-316 -319 0
-316 -318 0
-316 -317 0
315 314 313 312 311 310 309 0
-314 -315 0
-313 -315 0
-313 -314 0
-312 -315 0
-312 -314 0
-312 -313 0
-311 -315 0
-311 -314 0
-311 -313 0
-311 -312 0
-310 -315 0
-310 -314 0
-310 -313 0
-310 -312 0
-310 -311 0
-309 -315 0
-309 -314 0
-309 -313 0
-309 -312 0
-309 -311 0
-309 -310 0
308 307 306 305 304 303 302 0
-307 -308 0
-306 -308 0
-306 -307 0
-305 -308 0
-305 -307 0
-305 -306 0
-304 -308 0
-304 -307 0
-304 -306 0
-304 -305 0
-303 -308 0
-303 -307 0
-303 -306 0
-303 -305 0
-303 -304 0
-302 -308 0
-302 -307 0
-302 -306 0
-302 -305 0
-302 -304 0
-302 -303 0
301 300 299 298 297 296 295 0
-300 -301 0
-299 -301 0
-299 -300 0
-298 -301 0
-298 -300 0
-298 -299 0
-297 -301 0
-297 -300 0
-297 -299 0
-297 -298 0
-296 -301 0
-296 -300 0
-296 -299 0
-296 -298 0
-296 -297 0
-295 -301 0
-295 -300 0
-295 -299 0
-295 -298 0
-295 -297 0
-295 -296 0
294 293 292 291 290 289 288 0
-293 -294 0
-292 -294 0
-292 -293 0
-291 -294 0
-291 -293 0
-291 -292 0
-290 -294 0
-290 -293 0
-290 -292 0
-290 -291 0
-289 -294 0
-289 -293 0
-289 -292 0
-289 -291 0
-289 -290 0
-288 -294 0
-288 -293 0
-288 -292 0
-288 -291 0
-288 -290 0
-288 -289 0
287 286 285 284 283 282 281 0
-286 -287 0
-285 -287 0
-285 -286 0
-284 -287 0
-284 -286 0
-284 -285 0
-283 -287 0
-283 -286 0
-283 -285 0
-283 -284 0
-282 -287 0
-282 -286 0
-282 -285 0
-282 -284 0
-282 -283 0
-281 -287 0
-281 -286 0
-281 -285 0
-281 -284 0
-281 -283 0
-281 -282 0
280 279 278 277 276 275 274 0
-279 -280 0
-278 -280 0
-278 -279 0
-277 -280 0
-277 -279 0
-277 -278 0
-276 -280 0
-276 -279 0
-276 -278 0
-276 -277 0
-275 -280 0
-275 -279 0
-275 -278 0
-275 -277 0
-275 -276 0
-274 -280 0
-274 -279 0
-274 -278 0
-274 -277 0
-274 -276 0
-274 -275 0
273 272 271 270 269 268 267 0
-272 -273 0
-271 -273 0
-271 -272 0
-270 -273 0
-270 -272 0
-270 -271 0
-269 -273 0
-269 -272 0
-269 -271 0
-269 -270 0
-268 -273 0
-268 -272 0
-268 -271 0
-268 -270 0
-268 -269 0
-267 -273 0
-267 -272 0
-267 -271 0
-267 -270 0
-267 -269 0
-267 -268 0
266 265 264 263 262 261 260 0
-265 -266 0
-264 -266 0
-264 -265 0
-263 -266 0
-263 -265 0
-263 -264 0
-262 -266 0
-262 -265 0
-262 -264 0
-262 -263 0
-261 -266 0
-261 -265 0
-261 -264 0
-261 -263 0
-261 -262 0
-260 -266 0
-260 -265 0
-260 -264 0
-260 -263 0
-260 -262 0
-260 -261 0
259 258 257 256 255 254 253 0
-258 -259 0
-257 -259 0
-257 -258 0
-256 -259 0
-256 -258 0
-256 -257 0
-255 -259 0
-255 -258 0
-255 -257 0
-255 -256 0
-254 -259 0
-254 -258 0
-254 -257 0
-254 -256 0
-254 -255 0
-253 -259 0
-253 -258 0
-253 -257 0
-253 -256 0
-253 -255 0
-253 -254 0
252 251 250 249 248 247 246 0
-251 -252 0
-250 -252 0
-250 -251 0
-249 -252 0
-249 -251 0
-249 -250 0
-248 -252 0
-248 -251 0
-248 -250 0
-248 -249 0
-247 -252 0
-247 -251 0
-247 -250 0
-247 -249 0
-247 -248 0
-246 -252 0
-246 -251 0
-246 -250 0
-246 -249 0
-246 -248 0
-246 -247 0
245 244 243 242 241 240 239 0
-244 -245 0
-243 -245 0
-243 -244 0
-242 -245 0
-242 -244 0
-242 -243 0
-241 -245 0
-241 -244 0
-241 -243 0
-241 -242 0
-240 -245 0
-240 -244 0
-240 -243 0
-240 -242 0
-240 -241 0
-239 -245 0
-239 -244 0
-239 -243 0
-239 -242 0
-239 -241 0
-239 -240 0
238 237 236 235 234 233 232 0
-237 -238 0
-236 -238 0
-236 -237 0
-235 -238 0
-235 -237 0
-235 -236 0
-234 -238 0
-234 -237 0
-234 -236 0
-234 -235 0
-233 -238 0
-233 -237 0
-233 -236 0
-233 -235 0
-233 -234 0
-232 -238 0
-232 -237 0
-232 -236 0
-232 -235 0
-232 -234 0
-232 -233 0
231 230 229 228 227 226 225 0
-230 -231 0
-229 -231 0
-229 -230 0
-228 -231 0
-228 -230 0
-228 -229 0
-227 -231 0
-227 -230 0
-227 -229 0
-227 -228 0
-226 -231 0
-226 -230 0
-226 -229 0
-226 -228 0
-226 -227 0
-225 -231 0
-225 -230 0
-225 -229 0
-225 -228 0
-225 -227 0
-225 -226 0
224 223 222 221 220 219 218 0
-223 -224 0
-222 -224 0
-222 -223 0
-221 -224 0
-221 -223 0
-221 -222 0
-220 -224 0
-220 -223 0
-220 -222 0
-220 -221 0
-219 -224 0
-219 -223 0
-219 -222 0
-219 -221 0
-219 -220 0
-218 -224 0
-218 -223 0
-218 -222 0
-218 -221 0
-218 -220 0
-218 -219 0
217 216 215 214 213 212 211 0
-216 -217 0
-215 -217 0
-215 -216 0
-214 -217 0
-214 -216 0
-214 -215 0
-213 -217 0
-213 -216 0
-213 -215 0
-213 -214 0
-212 -217 0
-212 -216 0
-212 -215 0
-212 -214 0
-212 -213 0
-211 -217 0
-211 -216 0
-211 -215 0
-211 -214 0
-211 -213 0
-211 -212 0
210 209 208 207 206 205 204 0
-209 -210 0
-208 -210 0
-208 -209 0
-207 -210 0
-207 -209 0
-207 -208 0
-206 -210 0
-206 -209 0
-206 -208 0
-206 -207 0
-205 -210 0
-205 -209 0
-205 -208 0
-205 -207 0
-205 -206 0
-204 -210 0
-204 -209 0
-204 -208 0
-204 -207 0
-204 -206 0
-204 -205 0
203 202 201 200 199 198 197 0
-202 -203 0
-201 -203 0
-201 -202 0
-200 -203 0
-200 -202 0
-200 -201 0
-199 -203 0
-199 -202 0
-199 -201 0
-199 -200 0
-198 -203 0
-198 -202 0
-198 -201 0
-198 -200 0
-198 -199 0
-197 -203 0
-197 -202 0
-197 -201 0
-197 -200 0
-197 -199 0
-197 -198 0
196 195 194 193 192 191 190 0
-195 -196 0
-194 -196 0
-194 -195 0
-193 -196 0
-193 -195 0
-193 -194 0
-192 -196 0
-192 -195 0
-192 -194 0
-192 -193 0
-191 -196 0
-191 -195 0
-191 -194 0
-191 -193 0
-191 -192 0
-190 -196 0
-190 -195 0
-190 -194 0
-190 -193 0
-190 -192 0
-190 -191 0
189 188 187 186 185 184 183 0
-188 -189 0
-187 -189 0
-187 -188 0
-186 -189 0
-186 -188 0
-186 -187 0
-185 -189 0
-185 -188 0
-185 -187 0
-185 -186 0
-184 -189 0
-184 -188 0
-184 -187 0
-184 -186 0
-184 -185 0
-183 -189 0
-183 -188 0
-183 -187 0
-183 -186 0
-183 -185 0
-183 -184 0
182 181 180 179 178 177 176 0
-181 -182 0
-180 -182 0
-180 -181 0
-179 -182 0
-179 -181 0
-179 -180 0
-178 -182 0
-178 -181 0
-178 -180 0
-178 -179 0
-177 -182 0
-177 -181 0
-177 -180 0
-177 -179 0
-177 -178 0
-176 -182 0
-176 -181 0
-176 -180 0
-176 -179 0
-176 -178 0
-176 -177 0
175 174 173 172 171 170 169 0
-174 -175 0
-173 -175 0
-173 -174 0
-172 -175 0
-172 -174 0
-172 -173 0
-171 -175 0
-171 -174 0
-171 -173 0
-171 -172 0
-170 -175 0
-170 -174 0
-170 -173 0
-170 -172 0
-170 -171 0
-169 -175 0
-169 -174 0
-169 -173 0
-169 -172 0
-169 -171 0
-169 -170 0
168 167 166 165 164 163 162 0
-167 -168 0
-166 -168 0
-166 -167 0
-165 -168 0
-165 -167 0
-165 -166 0
-164 -168 0
-164 -167 0
-164 -166 0
-164 -165 0
-163 -168 0
-163 -167 0
-163 -166 0
-163 -165 0
-163 -164 0
-162 -168 0
-162 -167 0
-162 -166 0
-162 -165 0
-162 -164 0
-162 -163 0
161 160 159 158 157 156 155 0
-160 -161 0
-159 -161 0
-159 -160 0
-158 -161 0
-158 -160 0
-158 -159 0
-157 -161 0
-157 -160 0
-157 -159 0
-157 -158 0
-156 -161 0
-156 -160 0
-156 -159 0
-156 -158 0
-156 -157 0
-155 -161 0
-155 -160 0
-155 -159 0
-155 -158 0
-155 -157 0
-155 -156 0
154 153 152 151 150 149 148 0
-153 -154 0
-152 -154 0
-152 -153 0
-151 -154 0
-151 -153 0
-151 -152 0
-150 -154 0
-150 -153 0
-150 -152 0
-150 -151 0
-149 -154 0
-149 -153 0
-149 -152 0
-149 -151 0
-149 -150 0
-148 -154 0
-148 -153 0
-148 -152 0
-148 -151 0
-148 -150 0
-148 -149 0
147 146 145 144 143 142 141 0
-146 -147 0
-145 -147 0
-145 -146 0
-144 -147 0
-144 -146 0
-144 -145 0
-143 -147 0
-143 -146 0
-143 -145 0
-143 -144 0
-142 -147 0
-142 -146 0
-142 -145 0
-142 -144 0
-142 -143 0
-141 -147 0
-141 -146 0
-141 -145 0
-141 -144 0
-141 -143 0
-141 -142 0
140 139 138 137 136 135 134 0
-139 -140 0
-138 -140 0
-138 -139 0
-137 -140 0
-137 -139 0
-137 -138 0
-136 -140 0
-136 -139 0
-136 -138 0
-136 -137 0
-135 -140 0
-135 -139 0
-135 -138 0
-135 -137 0
-135 -136 0
-134 -140 0
-134 -139 0
-134 -138 0
-134 -137 0
-134 -136 0
-134 -135 0
133 132 131 130 129 128 127 0
-132 -133 0
-131 -133 0
-131 -132 0
-130 -133 0
-130 -132 0
-130 -131 0
-129 -133 0
-129 -132 0
-129 -131 0
-129 -130 0
-128 -133 0
-128 -132 0
-128 -131 0
-128 -130 0
-128 -129 0
-127 -133 0
-127 -132 0
-127 -131 0
-127 -130 0
-127 -129 0
-127 -128 0
126 125 124 123 122 121 120 0
-125 -126 0
-124 -126 0
-124 -125 0
-123 -126 0
-123 -125 0
-123 -124 0
-122 -126 0
-122 -125 0
-122 -124 0
-122 -123 0
-121 -126 0
-121 -125 0
-121 -124 0
-121 -123 0
-121 -122 0
-120 -126 0
-120 -125 0
-120 -124 0
-120 -123 0
-120 -122 0
-120 -121 0
119 118 117 116 115 114 113 0
-118 -119 0
-117 -119 0
-117 -118 0
-116 -119 0
-116 -118 0
-116 -117 0
-115 -119 0
-115 -118 0
-115 -117 0
-115 -116 0
-114 -119 0
-114 -118 0
-114 -117 0
-114 -116 0
-114 -115 0
-113 -119 0
-113 -118 0
-113 -117 0
-113 -116 0
-113 -115 0
-113 -114 0
112 111 110 109 108 107 106 0
-111 -112 0
-110 -112 0
-110 -111 0
-109 -112 0
-109 -111 0
-109 -110 0
-108 -112 0
-108 -111 0
-108 -110 0
-108 -109 0
-107 -112 0
-107 -111 0
-107 -110 0
-107 -109 0
-107 -108 0
-106 -112 0
-106 -111 0
-106 -110 0
-106 -109 0
-106 -108 0
-106 -107 0
105 104 103 102 101 100 99 0
-104 -105 0
-103 -105 0
-103 -104 0
-102 -105 0
-102 -104 0
-102 -103 0
-101 -105 0
-101 -104 0
-101 -103 0
-101 -102 0
-100 -105 0
-100 -104 0
-100 -103 0
-100 -102 0
-100 -101 0
-99 -105 0
-99 -104 0
-99 -103 0
-99 -102 0
-99 -101 0
-99 -100 0
98 97 96 95 94 93 92 0
-97 -98 0
-96 -98 0
-96 -97 0
-95 -98 0
-95 -97 0
-95 -96 0
-94 -98 0
-94 -97 0
-94 -96 0
-94 -95 0
-93 -98 0
-93 -97 0
-93 -96 0
-93 -95 0
-93 -94 0
-92 -98 0
-92 -97 0
-92 -96 0
-92 -95 0
-92 -94 0
-92 -93 0
91 90 89 88 87 86 85 0
-90 -91 0
-89 -91 0
-89 -90 0
-88 -91 0
-88 -90 0
-88 -89 0
-87 -91 0
-87 -90 0
-87 -89 0
-87 -88 0
-86 -91 0
-86 -90 0
-86 -89 0
-86 -88 0
-86 -87 0
-85 -91 0
-85 -90 0
-85 -89 0
-85 -88 0
-85 -87 0
-85 -86 0
84 83 82 81 80 79 78 0
-83 -84 0
-82 -84 0
-82 -83 0
-81 -84 0
-81 -83 0
-81 -82 0
-80 -84 0
-80 -83 0
-80 -82 0
-80 -81 0
-79 -84 0
-79 -83 0
-79 -82 0
-79 -81 0
-79 -80 0
-78 -84 0
-78 -83 0
-78 -82 0
-78 -81 0
-78 -80 0
-78 -79 0
77 76 75 74 73 72 71 0
-76 -77 0
-75 -77 0
-75 -76 0
-74 -77 0
-74 -76 0
-74 -75 0
-73 -77 0
-73 -76 0
-73 -75 0
-73 -74 0
-72 -77 0
-72 -76 0
-72 -75 0
-72 -74 0
-72 -73 0
-71 -77 0
-71 -76 0
-71 -75 0
-71 -74 0
-71 -73 0
-71 -72 0
70 69 68 67 66 65 64 0
-69 -70 0
-68 -70 0
-68 -69 0
-67 -70 0
-67 -69 0
-67 -68 0
-66 -70 0
-66 -69 0
-66 -68 0
-66 -67 0
-65 -70 0
-65 -69 0
-65 -68 0
-65 -67 0
-65 -66 0
-64 -70 0
-64 -69 0
-64 -68 0
-64 -67 0
-64 -66 0
-64 -65 0
63 62 61 60 59 58 57 0
-62 -63 0
-61 -63 0
-61 -62 0
-60 -63 0
-60 -62 0
-60 -61 0
-59 -63 0
-59 -62 0
-59 -61 0
-59 -60 0
-58 -63 0
-58 -62 0
-58 -61 0
-58 -60 0
-58 -59 0
-57 -63 0
-57 -62 0
-57 -61 0
-57 -60 0
-57 -59 0
-57 -58 0
56 55 54 53 52 51 50 0
-55 -56 0
-54 -56 0
-54 -55 0
-53 -56 0
-53 -55 0
-53 -54 0
-52 -56 0
-52 -55 0
-52 -54 0
-52 -53 0
-51 -56 0
-51 -55 0
-51 -54 0
-51 -53 0
-51 -52 0
-50 -56 0
-50 -55 0
-50 -54 0
-50 -53 0
-50 -52 0
-50 -51 0
49 48 47 46 45 44 43 0
-48 -49 0
-47 -49 0
-47 -48 0
-46 -49 0
-46 -48 0
-46 -47 0
-45 -49 0
-45 -48 0
-45 -47 0
-45 -46 0
-44 -49 0
-44 -48 0
-44 -47 0
-44 -46 0
-44 -45 0
-43 -49 0
-43 -48 0
-43 -47 0
-43 -46 0
-43 -45 0
-43 -44 0
42 41 40 39 38 37 36 0
-41 -42 0
-40 -42 0
-40 -41 0
-39 -42 0
-39 -41 0
-39 -40 0
-38 -42 0
-38 -41 0
-38 -40 0
-38 -39 0
-37 -42 0
-37 -41 0
-37 -40 0
-37 -39 0
-37 -38 0
-36 -42 0
-36 -41 0
-36 -40 0
-36 -39 0
-36 -38 0
-36 -37 0
35 34 33 32 31 30 29 0
-34 -35 0
-33 -35 0
-33 -34 0
-32 -35 0
-32 -34 0
-32 -33 0
-31 -35 0
-31 -34 0
-31 -33 0
-31 -32 0
-30 -35 0
-30 -34 0
-30 -33 0
-30 -32 0
-30 -31 0
-29 -35 0
-29 -34 0
-29 -33 0
-29 -32 0
-29 -31 0
-29 -30 0
28 27 26 25 24 23 22 0
-27 -28 0
-26 -28 0
-26 -27 0
-25 -28 0
-25 -27 0
-25 -26 0
-24 -28 0
-24 -27 0
-24 -26 0
-24 -25 0
-23 -28 0
-23 -27 0
-23 -26 0
-23 -25 0
-23 -24 0
-22 -28 0
-22 -27 0
-22 -26 0
-22 -25 0
-22 -24 0
-22 -23 0
21 20 19 18 17 16 15 0
-20 -21 0
-19 -21 0
-19 -20 0
-18 -21 0
-18 -20 0
-18 -19 0
-17 -21 0
-17 -20 0
-17 -19 0
-17 -18 0
-16 -21 0
-16 -20 0
-16 -19 0
-16 -18 0
-16 -17 0
-15 -21 0
-15 -20 0
-15 -19 0
-15 -18 0
-15 -17 0
-15 -16 0
14 13 12 11 10 9 8 0
-13 -14 0
-12 -14 0
-12 -13 0
-11 -14 0
-11 -13 0
-11 -12 0
-10 -14 0
-10 -13 0
-10 -12 0
-10 -11 0
-9 -14 0
-9 -13 0
-9 -12 0
-9 -11 0
-9 -10 0
-8 -14 0
-8 -13 0
-8 -12 0
-8 -11 0
-8 -10 0
-8 -9 0
7 6 5 4 3 2 1 0
-6 -7 0
-5 -7 0
-5 -6 0
-4 -7 0
-4 -6 0
-4 -5 0
-3 -7 0
-3 -6 0
-3 -5 0
-3 -4 0
-2 -7 0
-2 -6 0
-2 -5 0
-2 -4 0
-2 -3 0
-1 -7 0
-1 -6 0
-1 -5 0
-1 -4 0
-1 -3 0
-1 -2 0
